63409
31033
48055
30536
278
59793
54734
55862
19589
57570
31667
38330
33723
17345
11566
48360
42552
23265
65356
45170
6335
4664
49047
41362
42103
45223
42536
61942
2149
25141
46779
28878
57810
48149
29469
48268
62564
43222
50557
49268
52706
37259
32522
15099
34219
50648
37270
63641
57764
1347
24950
23575
33583
4174
31343
29698
17409
33644
22145
10992
36183
10729
13114
42975
63925
61107
37090
11140
53990
38306
33213
14584
10527
15665
30222
41565
5497
5845
30337
50858
53159
55274
31175
29562
15606
44576
40519
7772
33724
21845
60830
37729
35458
41378
65514
31812
33687
921
24634
56134
13530
24148
13606
30882
24146
56181
5981
28566
55599
10410
36828
17123
63997
57606
50952
52839
46288
33469
2251
54824
38568
43994
59185
2443
3405
59023
42976
58689
46001
52224
61675
42565
34274
62282
12682
22043
27063
1553
23281
6897
25162
29817
10178
18193
57594
60500
25852
59657
57418
47769
39071
49861
2343
12160
41037
57442
58017
38038
51127
31064
40115
7620
43861
11925
8480
55799
31396
4147
51041
11012
50537
31696
62229
56800
37991
56238
31879
2441
46821
31914
37472
21289
46719
8268
42801
52877
2352
3735
26306
8741
53751
19297
58172
55891
45439
11048
33356
28915
60863
60741
23549
49095
8278
48177
63747
42835
60162
41341
49688
13261
7954
41335
10002
34668
47983
31606
1939
8379
1039
1682
18984
36103
20612
180
46676
22183
36129
32276
3029
42253
34401
13211
17032
62848
8065
13609
48136
63334
28603
46128
44969
39461
17254
63809
1025
60806
46051
34421
15401
35816
61662
46970
52058
55346
8961
41029
36073
42032
43693
37846
57846
38750
16374
64205
65287
28211
29499
46189
49907
28455
17039
34312
23478
2283
24290
25405
28167
50507
65514
1759
10002
43464
58905
14131
58823
55964
14911
39627
10308
15051
8534
35726
23247
46170
5241
22052
38471
29426
51105
43731
27851
20841
51516
13432
35381
62521
8241
47307
13268
63443
20564
23689
62707
28314
5778
38240
62882
57101
20647
35805
23431
33713
18464
43080
33667
48100
38943
22525
2704
11025
12520
50126
16164
47899
22063
54727
18068
41828
38193
4914
44419
18446
32996
8559
15402
37076
58421
22378
20663
38125
8097
13337
6184
50538
38886
35642
14929
14940
45566
28201
48484
21594
33962
26104
27004
27798
35944
16305
685
64871
41852
6759
37179
13397
53106
25234
16649
45534
8154
7546
21581
53788
37377
11331
16230
61634
23141
46854
23978
62135
61884
38737
13879
64569
8236
40080
64918
41971
103
50953
47811
30295
36340
56522
7362
2297
61464
61914
57109
51129
62982
61572
26618
42432
29551
53606
47302
52916
42565
56319
36945
47498
564
61783
52777
47607
39848
59898
23761
34907
38423
30814
40573
40406
1868
45039
5147
41945
32351
20731
38712
18363
2236
47425
30077
15384
7376
59899
19855
3941
10277
28006
4720
16673
47396
8376
49345
59873
60058
33606
23173
42582
7093
18839
48862
52867
20881
39512
5407
26868
19298
46421
17155
37436
13891
24629
21914
4942
40374
33797
51519
47629
14501
65456
12214
22161
17362
4334
8613
27012
26890
29871
37723
64804
41405
50333
16705
32367
60086
50750
49177
59383
2304
42196
60643
8007
36084
5810
45559
328
58050
35893
57099
32241
49005
61385
49773
4037
61629
36306
14168
21721
21969
12060
31142
7433
4050
43765
38736
45197
17947
32077
13658
45779
53761
43990
19804
60495
60415
18646
56302
35453
22802
40464
21586
25677
25401
54098
19352
27287
5698
13822
47855
17529
14825
65188
38593
54946
30378
4711
15360
1828
4893
11628
26587
58701
3905
44043
27970
43744
53559
47250
6254
2501
36525
36106
61471
25423
34533
12772
8203
56541
38470
17969
31949
36046
48307
59920
33125
64307
40692
31391
30093
63295
37015
63097
50385
56720
14809
17495
60664
12369
54239
16807
57554
10536
20457
9902
44955
20992
37746
1876
10882
21884
32482
48557
61023
65096
25924
31580
2310
44544
21832
23502
40049
40230
28020
16656
45130
42433
64076
53684
28835
42612
19568
50860
39099
11190
49622
44476
49038
48446
3861
36596
49858
11900
18445
23452
4308
42634
51373
61753
5674
50841
62219
44622
26460
45510
46645
56905
22214
36494
9390
35091
45417
64843
43365
50958
14573
34901
63915
36431
47827
7591
319
55254
6573
36887
11843
62832
18646
4769
42307
22928
49093
50222
42077
60225
48181
8493
20349
12414
21455
31426
4561
10819
45993
7610
61698
7698
28452
21908
37163
51963
44504
61072
9126
41482
47710
50381
10804
42569
38727
37426
27376
5380
5524
53731
60161
1588
34316
49652
32153
56585
44440
23512
54636
52170
41524
23862
61477
27351
45808
1661
47125
41711
24337
9718
24657
1253
41029
65142
1385
22352
46840
64432
45172
17266
8051
23580
56906
57285
4124
44470
63755
34570
42387
24456
53573
16335
52875
45688
38407
41305
53139
63591
17031
61724
23673
36205
7327
24128
25149
3155
3058
8482
40805
29065
5558
39284
37308
46806
43007
45374
26045
47743
4115
4900
56844
20065
9566
37369
22036
11059
64781
17524
25301
20938
13422
50258
19976
31766
53590
2749
62121
33313
56076
1576
60526
43101
4875
7909
46750
21750
48716
61756
14180
38208
21820
62532
21699
39763
32028
7762
60503
8896
41103
51425
53473
45578
18926
45155
3374
29071
28583
26371
29836
53290
52431
34306
43795
11820
13696
22113
3191
4251
23206
12625
50330
64833
23268
353
45701
42053
47476
49445
19000
47570
16290
41278
11551
12884
64714
22599
330
4582
4925
39432
42405
52312
32982
35300
2857
12940
18469
19911
6445
1134
44473
29859
19191
41104
64451
21564
28618
41897
63505
40935
49711
3885
60643
29452
38924
14181
34513
45371
16684
647
33091
43084
23945
11334
488
10745
30235
20439
59990
6076
62094
30200
20562
32655
31260
6520
45178
45351
20042
54024
30594
2834
31109
47439
52031
62643
37401
37989
24902
32487
63877
10293
62578
20510
41403
28755
2213
52164
35485
54622
4870
11818
64417
20721
28998
41039
27820
36079
29212
63425
42904
16027
55392
63756
50827
298
63426
62597
50045
32434
49483
34940
39017
50679
46616
12001
52934
49074
56108
6533
32107
4767
263
15817
22279
45973
16478
28820
42569
27144
43446
7355
4288
51670
15229
39430
13270
24018
8281
2234
47384
53942
37195
1751
15812
64779
1059
44870
22107
13697
18890
21145
